0.6568183
0.729387
0.7945939
0.851669
0.8999709
0.9390086
0.968446
0.9880898
0.9978683
0.9978037
0.987988
0.96856356
0.93971527
0.90167
0.854707
0.79917616
0.73551655
0.6642785
0.5861363
0.5018923
0.4124647
0.3188628
0.22214887
0.123397015
0.023656003
-0.07607539
-0.17485721
-0.27180156
-0.36605522
-0.45677984
-0.5431353
-0.6242744
-0.6993496
-0.7675345
-0.82805216
-0.8802087
-0.9234209
-0.9572365
-0.9813404
-0.9955499
-0.9998007
-0.9941272
-0.9786442
-0.95353204
-0.919029
-0.87543166
-0.82310355
-0.7624884
-0.6941255
-0.6186625
-0.5368606
-0.4495885
-0.35780388
-0.26252326
-0.16478539
-0.06561428
0.03400802
0.13315445
0.23094675
0.32653472
0.41906884
0.5076779
0.59146076
0.6694993
0.7408886
0.8047789
0.86041975
0.9071939
0.9446368
0.9724374
0.9904244
0.9985441
0.9968319
0.98538923
0.96436644
0.9339545
0.8943883
0.8459583
0.78902686
0.72405136
0.6516018
0.5723741
0.4871913
0.39698932
0.3027889
0.20565745
0.10666714
0.0068595037
-0.09277631
-0.19131017
-0.28786114
-0.38157997
-0.47162881
-0.55716664
-0.637345
-0.7113185
-0.77826667
-0.83742416
-0.8881143
-0.92977434
-0.9619752
-0.98442477
-0.99696136
-0.9995386
-0.9922056
-0.9750893
-0.9483798
-0.91232526
-0.8672325
-0.8134775
-0.75151896
-0.68191385
-0.60532874
-0.52254355
-0.43444368
-0.34199896
-0.24623251
-0.14818284
-0.04886873
0.05073691
0.14971602
0.24719676
0.34233102
0.43426684
0.5221281
0.60500956
0.68199223
0.75217783
0.8147302
0.8689194
0.91415286
0.94999194
0.97615075
0.9924799
0.9989418
0.9955847
0.9825196
0.95990336
0.9279345
0.8868561
0.8369688
0.7786499
0.71237457
0.638733
0.5584432
0.47234818
0.38140067
0.28663227
0.18911365
0.089914285
-0.0099320635
-0.10944617
-0.20770697
-0.30384058
-0.39700082
-0.48635036
-0.57104635
-0.6502402
-0.72308874
-0.7887784
-0.84655666
-0.8957641
-0.93586
-0.966438
-0.98722863
-0.9980911
-0.9989961
-0.9900073
-0.97126305
-0.9429634
-0.9053658
-0.85878813
-0.80361927
-0.7403331
-0.66950464
-0.5918194
-0.5080761
-0.4191758
-0.32610026
-0.22987732
-0.13154477
-0.03211511
0.06744803
0.16623515
0.26338044
0.35803688
0.44934973
0.53643763
0.6183914
0.6942929
0.76325107
0.8244449
0.87716556
0.92084575
0.95507336
0.9795861
0.994256
0.9990616
0.99406314
0.9793799
0.9551761
0.92165697
0.8790745
0.82774067
0.7680478
0.7004892
0.6256761
0.5443478
0.45736775
0.36570403
0.27039778
0.17252243
0.07314334
-0.02671405
-0.12608036
-0.22404358
-0.319736
-0.4123141
-0.50094014
-0.58477044
-0.6629559
-0.73465633
-0.7990662
-0.85544646
-0.90315616
-0.94167626
-0.9706238
-0.9897516
-0.9989389
-0.9981737
-0.98753315
-0.9671666
-0.937284
-0.8981525
-0.85010076
-0.7935313
-0.72893375
-0.65690124
-0.5781385
-0.4934625
-0.4037899
-0.31011233
-0.21346244
-0.11487578
-0.0153576955
0.08413712
0.18270776
0.27949372
0.37364832
0.46431324
0.550602
0.6316021
0.7063972
0.7741046
0.83391964
0.8851557
0.9272711
0.9598794
0.982743
0.99575317
0.9989042
0.9922675
0.97597075
0.9501852
0.9151232
0.87104535
0.81827617
0.7572231
0.68839836
0.6124346
0.5300925
0.44225475
0.3499042
0.2540907
0.1558887
0.05635888
-0.043482043
-0.14267477
-0.24031591
-0.33554325
-0.42751554
-0.5153945
-0.598335
-0.6754882
-0.74601763
-0.80912673
-0.8640909
-0.910288
-0.9472216
-0.97453153
-0.9919931
-0.9995051
-0.9970719
-0.9847837
-0.96280086
-0.9313427
-0.89068645
-0.84117234
-0.783216
-0.71732396
-0.64410734
-0.5642902
-0.47870755
-0.3882906
-0.29404047
-0.19699296
-0.09818059
0.0013987571
0.100799836
0.19912997
0.29553267
0.3891612
0.47915313
0.5646169
0.6446373
0.7183008
0.78473455
0.84315145
0.8928876
0.9334271
0.9644098
0.9856211
0.99697137
0.9984698
0.99019873
0.9722934
0.9449321
0.90833414
0.86277026
0.80857706
0.7461783
0.6761055
0.59901255
0.51568145
0.42701384
0.33400646
0.23771611
0.13921764
0.039565854
-0.060231566
-0.15922523
-0.25652003
-0.35125855
-0.44260126
-0.5297091
-0.6117359
-0.6878331
-0.757169
-0.81895685
-0.8724872
-0.9171577
-0.9524945
-0.9781607
-0.9939532
-0.9997901
-0.99569136
-0.98176014
-0.958167
-0.9251413
-0.8829699
-0.832005
-0.7726761
-0.7055068
-0.63112664
-0.5502787
-0.46381575
-0.37268272
-0.27788952
-0.18047363
-0.0814638
0.018150158
0.117432244
0.21549758
0.3114932
0.40457126
0.49386498
0.5784778
0.65749264
0.7299998
0.7951377
0.85213745
0.90035903
0.9393127
0.9686637
0.9882202
0.997911
0.99775934
0.9878576
0.9683485
0.9394175
0.9012916
0.8542511
0.7986458
0.7349163
0.6636138
0.58541375
0.5011195
0.4116502
0.31801596
0.2212792
0.12251399
0.022768788
-0.076958194
-0.17572758
-0.2726518
-0.36687782
-0.45756736
-0.54388016
-0.624969
-0.6999867
-0.76810676
-0.8285532
-0.8806325
-0.9237631
-0.95749366
-0.9815104
-0.9956316
-0.9997939
-0.9940326
-0.97846323
-0.9532665
-0.9186813
-0.8750048
-0.82260096
-0.76191443
-0.6934854
-0.6179628
-0.5361083
-0.44879177
-0.35697147
-0.2616645
-0.16390938
-0.06473008
0.034892015
0.13403028
0.2318067
0.32737136
0.4198744
0.50844455
0.5921806
0.6701639
0.7414901
0.80531037
0.86087507
0.9075682
0.9449265
0.9726403
0.9905399
0.998572
0.996773
0.9852445
0.9641372
0.93364286
0.89399683
0.8454894
0.7884846
0.7234398
0.6509267
0.5716425
0.48641083
0.39616874
0.3019376
0.20478493
0.105782844
0.0059724078
-0.09365767
-0.19217774
-0.28870714
-0.38239715
-0.47240967
-0.55790365
-0.63803065
-0.7119453
-0.77882737
-0.8379127
-0.88852465
-0.9301025
-0.9622178
-0.9845799
-0.9970281
-0.99951684
-0.99209636
-0.9748939
-0.9481004
-0.91196406
-0.86679256
-0.81296253
-0.7509335
-0.6812633
-0.6046195
-0.5217831
-0.4336402
-0.3411616
-0.24537027
-0.14730494
-0.047983997
0.051620103
0.15058973
0.24805331
0.34316292
0.4350665
0.5228875
0.6057205
0.6826469
0.7527681
0.8152493
0.8693613
0.9145131
0.9502673
0.9763391
0.99258065
0.998955
0.9955113
0.98236036
0.9596603
0.92760944
0.88645124
0.8364873
0.7780956
0.71175194
0.63804793
0.5577028
0.47156033
0.3805742
0.2857766
0.18823847
0.08902884
-0.010818742
-0.110325724
-0.20857145
-0.30468234
-0.39781246
-0.48712423
-0.57177514
-0.65091634
-0.7237048
-0.7893273
-0.8470324
-0.8961611
-0.9361739
-0.966666
-0.98736894
-0.99814296
-0.99895966
-0.9898836
-0.9710535
-0.94267
-0.90499115
-0.8583353
-0.8030921
-0.7397364
-0.6688437
-0.591101
-0.5073077
-0.4183661
-0.32525793
-0.22901171
-0.1306651
-0.03122995
0.06833012
0.16710642
0.26423332
0.3588639
0.4501432
0.5371895
0.61909354
0.6949372
0.7638298
0.8249514
0.87759393
0.9211917
0.95533395
0.9797598
0.9943421
0.99906015
0.99397516
0.97920656
0.9549191
0.9213183
0.8786566
0.8272467
0.7674817
0.6998557
0.6249812
0.5435989
0.45657274
0.364872
0.2695382
0.17164478
0.072257005
-0.027600102
-0.1269579
-0.22490469
-0.32057312
-0.41311988
-0.501707
-0.585491
-0.6636225
-0.7352616
-0.7996033
-0.8559092
-0.9035393
-0.94197595
-0.9708371
-0.98987687
-0.99897575
-0.9981224
-0.9873948
-0.9669427
-0.9369767
-0.8977643
-0.8496351
-0.7929921
-0.72832584
-0.6562303
-0.57741135
-0.4926867
-0.40297392
-0.3092654
-0.21259394
-0.11399454
-0.014472678
0.08501782
0.18357652
0.2803428
0.37447017
0.46510014
0.5513461
0.6322951
0.7070309
0.7746717
0.83441335
0.8855705
0.927603
0.9601257
0.98290205
0.99582446
0.99888825
0.9921651
0.9757832
0.9499142
0.91477096
0.8706144
0.81776965
0.75664526
0.6877541
0.6117301
0.52933514
0.4414527
0.34906694
0.25322744
0.15500903
0.055472024
-0.04436723
-0.14355007
-0.24117362
-0.3363757
-0.42831537
-0.5161541
-0.599047
-0.67614496
-0.74661195
-0.8096518
-0.8645407
-0.9106574
-0.94750696
-0.9747302
-0.9921037
-0.9995272
-0.9970059
-0.9846308
-0.9625628
-0.93102163
-0.89028513
-0.84069395
-0.78266484
-0.716705
-0.6434264
-0.5635543
-0.47792438
-0.38746884
-0.29318935
-0.1961217
-0.09729808
0.002283752
0.10167918
0.1999959
0.2963777
0.38997778
0.47993347
0.5653529
0.645321
0.7189238
0.78528976
0.8436322
0.8932886
0.9337448
0.96464133
0.98576534
0.9970281
0.9984393
0.9900818
0.9720917
0.9446472
0.9079685
0.8623264
0.8080583
0.74558896
0.6754507
0.59829867
0.51491606
0.42620537
0.33316416
0.23684946
0.13833615
0.03867867
-0.061115652
-0.16009817
-0.25737396
-0.352086
-0.4433948
-0.5304613
-0.6124391
-0.68847984
-0.75775206
-0.81946963
-0.8729237
-0.91751313
-0.95276535
-0.97834444
-0.9940489
-0.84487617
-0.6035837
-0.3031105
0.012195073
0.2945502
0.5061797
0.6279236
0.657829
0.60568607
0.4887646
0.32918093
0.15158889
-0.019807622
-0.16477352
-0.26969892
-0.32820755
-0.3401206
-0.31004506
-0.24628851
-0.15996353
-0.06384826
0.02919624
0.10799522
0.16450003
0.19452155
0.19773477
0.17716107
0.13834912
0.088388436
0.03484822
-0.015245803
-0.05624926
-0.084427565
-0.0981307
-0.09766708
-0.08496977
-0.06315091
-0.036008596
-0.007527925
0.0185894
0.039334185
0.05270172
0.057867832
0.055194594
0.04605236
0.03248314
0.016785897
0.0011303499
-0.012712173
-0.023490958
-0.03048087
-0.033427298
-0.032478124
-0.028128237
-0.021173872
-0.012657978
-0.003776744
0.0042721257
0.010488726
0.014260344
0.015457444
0.014388539
0.011644937
0.007920414
0.0038795844
9.351224e-05
-0.0029805899
-0.005006425
-0.0057834685
-0.005271457
-0.004774697
-0.004196964
-0.0035426095
-0.002817236
-0.002028294
-0.001184456
-0.00029551238
0.00062802434
0.0015755594
0.002536133
0.0034995154
0.004455425
0.005393915
0.0063053444
0.007180147
0.008009486
0.008784838
0.009498946
0.010145359
0.010719217
0.0112167075
0.0116354
0.011973508
0.0122299865
0.012404002
0.01249484
0.012501799
0.0124237165
0.012259521
0.012008049
0.011668451
0.011240445
0.010724686
0.010123141
0.009439565
0.008679524
0.007850558
0.006962195
0.006025307
0.005052075
0.00405512
0.0030474886
0.0020418093
0.0010503605
8.494407e-05
-0.00084330887
-0.0017241761
-0.002548121
-0.0033067837
-0.0039931685
-0.0046015903
-0.0051280335
-0.005569473
-0.0059243515
-0.0061919168
-0.0063719377
-0.006464444
-0.0064696297
-0.0063876957
-0.0062187538
-0.0059630424
-0.005621016
-0.0051937476
-0.004683107
-0.0040921792
-0.0034254119
-0.0026888028
-0.0018900037
-0.0010378584
-0.00014235824
0.0007859692
0.0017363876
0.00269825
0.0036610514
0.0046147034
0.0055493265
0.00645528
0.0073230416
0.0081438795
0.008909434
0.009612478
0.010247074
0.010808252
0.011292703
0.011697911
0.0120223835
0.012265034
0.012425147
0.012501933
0.012494631
0.0124021545
0.012223385
0.011957161
0.011602677
0.01115983
0.010629423
0.010013826
0.009316944
0.008544676
0.0077050775
0.006807752
0.0058638677
0.0048857406
0.003886126
0.0028779134
0.0018737689
0.0008859262
-7.401407e-05
-0.0009950027
-0.0018669292
-0.0026804656
-0.0034274533
-0.0041010603
-0.0046959743
-0.0052082315
-0.005635239
-0.00597544
-0.006228365
-0.006393589
-0.0064714327
-0.0064619854
-0.006365359
-0.006181814
-0.0059115216
-0.005555086
-0.0051136613
-0.0045892745
-0.0039852187
-0.0033062473
